13 13
 6|10| 6|13| 2| 6|00|26| 2|11| 8| 9| 4|
21|00| 5|00| 2|00|00|00| 6|00| 4|00| 8|
16| 8| 1| 2|11|00| 2| 6|11| 1|26|13|18|
 2|00| 9|00| 9|00|15|00| 5|00|11|00| 8|
11| 2|24|25| 2|15| 1|00| 2|16| 2| 5| 1|
 1|00|25|00|00|00| 6|00|15|00|00|00| 2|
00|00| 2|14|26| 9|22|09| 1| 2|21|00|00|
15|00|00|00| 6|00|13|00|00|00| 8|00| 6|
19| 6| 7| 2|11|00| 9| 5|20|25|11| 2|21|
 6|00| 6|00| 5|00|15|00| 8|00| 3|00| 3|
11| 2|12|11| 2|15|26|00|17|26|06|17| 9|
 2|00|12|00|15|00|00|00| 2|00| 5|00|11|
21|11| 2|15|15|18|00|23|11| 9| 1|26| 2|
2
 9 I
 11 R
